CAN init successful!
Runtime,RPM,Speed,Intake Temp,MAP,MAF,Throttle,Timing Advance,Demanded Torque
0.07,4113.00,34.00,0.00,0.00,0.00,0.00,39.00
0.07,4159.00,34.00,196.00,53.00,37.00,27.00,38.00
0.27,4203.00,34.00,196.00,53.00,-64.00,26.00,38.00
0.36,4203.00,-57.00,33.00,49.00,-64.00,26.00,38.00
0.46,-47.00,35.00,33.00,49.00,-64.00,26.00,36.00
0.46,4270.00,36.00,33.00,49.00,31.00,25.00,-23.00
0.66,4276.00,36.00,33.00,49.00,31.00,-4.00,34.00
0.75,4305.00,36.00,33.00,41.00,31.00,-4.00,33.00
0.85,4339.00,36.00,33.00,41.00,31.00,-4.00,33.00
0.85,4339.00,36.00,33.00,42.00,24.00,25.00,32.00
0.85,26.00,36.00,33.00,42.00,24.00,25.00,31.00
0.85,26.00,37.00,33.00,42.00,33.00,25.00,39.00
0.85,4410.00,37.00,33.00,42.00,34.00,25.00,39.00
1.34,4427.00,37.00,33.00,43.00,34.00,58.00,30.00
1.34,4427.00,37.00,33.00,44.00,35.00,58.00,30.00
1.53,4427.00,37.00,33.00,44.00,35.00,58.00,30.00
1.53,4427.00,37.00,33.00,46.00,11.00,27.00,30.00
1.73,4536.00,38.00,33.00,46.00,11.00,27.00,28.00
1.82,4536.00,38.00,33.00,46.00,44.00,28.00,28.00
1.92,4628.00,38.00,33.00,51.00,45.00,28.00,28.00
2.02,4628.00,38.00,33.00,54.00,50.00,134.00,28.00
2.02,4709.00,39.00,33.00,56.00,50.00,134.00,28.00
2.21,4790.00,39.00,33.00,56.00,50.00,31.00,28.00
2.21,4857.00,40.00,33.00,102.00,63.00,33.00,28.00
2.41,4915.00,40.00,33.00,102.00,70.00,35.00,276.00
2.41,4915.00,41.00,32.00,74.00,76.00,35.00,276.00
2.60,5146.00,42.00,32.00,84.00,76.00,35.00,23.00
2.70,5146.00,16.00,32.00,84.00,29.00,60.00,26.00
2.70,5431.00,44.00,32.00,84.00,29.00,75.00,26.00
2.89,5431.00,44.00,32.00,84.00,103.00,88.00,26.00
2.99,5667.00,45.00,32.00,84.00,107.00,88.00,26.00
2.99,5783.00,45.00,32.00,95.00,105.00,89.00,25.00
3.19,5884.00,47.00,32.00,95.00,105.00,89.00,25.00
3.19,5884.00,47.00,32.00,96.00,116.00,89.00,24.00
3.38,5884.00,50.00,32.00,96.00,116.00,89.00,24.00
3.48,5884.00,50.00,32.00,0.59,119.00,89.00,0.76
3.57,6366.00,50.00,32.00,95.00,119.00,89.00,89.00
3.57,6366.00,54.00,32.00,95.00,119.00,89.00,25.00
3.77,6581.00,54.00,31.00,95.00,122.00,89.00,26.00
3.87,6592.00,54.00,31.00,95.00,122.00,89.00,25.00
3.87,6592.00,56.00,31.00,95.00,122.00,89.00,-1.00
4.06,5864.00,56.00,31.00,95.00,122.00,89.00,-4.00
4.06,5321.00,58.00,31.00,95.00,100.00,89.00,-4.00
4.06,4741.00,58.00,31.00,95.00,100.00,89.00,-5.00
4.35,4741.00,58.00,31.00,97.00,100.00,89.00,21.00
4.45,4206.00,61.00,31.00,97.00,100.00,89.00,21.00
4.55,4206.00,61.00,31.00,98.00,100.00,89.00,21.00
4.55,4186.00,62.00,31.00,97.00,83.00,89.00,21.00
4.55,4186.00,63.00,31.00,97.00,82.00,89.00,22.00
4.55,4281.00,63.00,31.00,98.00,81.00,89.00,22.00
4.55,4321.00,65.00,31.00,98.00,81.00,89.00,22.00
4.55,4321.00,66.00,31.00,97.00,85.00,89.00,22.00
5.13,4419.00,66.00,30.00,97.00,85.00,89.00,22.00
5.13,4419.00,66.00,30.00,97.00,85.00,89.00,22.00
5.32,4419.00,68.00,30.00,97.00,90.00,89.00,23.00
5.42,4419.00,68.00,30.00,97.00,90.00,89.00,23.00
5.42,4605.00,69.00,30.00,97.00,91.00,89.00,23.00
5.62,4652.00,69.00,30.00,97.00,92.00,89.00,23.00
5.62,4692.00,69.00,30.00,97.00,91.00,89.00,23.00
5.81,4750.00,69.00,30.00,97.00,91.00,89.00,24.00
5.81,4750.00,73.00,30.00,97.00,95.00,-64.00,24.00
5.81,4750.00,73.00,30.00,97.00,95.00,-64.00,24.00
5.81,4877.00,73.00,30.00,97.00,94.00,-64.00,24.00
5.81,4923.00,75.00,30.00,96.00,95.00,-64.00,24.00
6.30,4966.00,75.00,30.00,97.00,95.00,89.00,24.00
6.39,5010.00,75.00,30.00,97.00,95.00,89.00,24.00
6.49,5010.00,76.00,30.00,97.00,95.00,89.00,25.00
6.59,5010.00,78.00,29.00,97.00,99.00,89.00,25.00
6.69,5140.00,78.00,29.00,96.00,97.00,89.00,25.00
6.78,5189.00,79.00,29.00,96.00,101.00,23071.00,25.00
6.88,5236.00,79.00,29.00,96.00,99.00,89.00,25.00
6.98,5273.00,81.00,29.00,96.00,99.00,89.00,25.00
7.08,5273.00,81.00,29.00,96.00,101.00,89.00,26.00
7.08,5361.00,82.00,29.00,96.00,105.00,89.00,26.00
7.08,5361.00,83.00,29.00,96.00,105.00,89.00,26.00
7.37,5446.00,83.00,29.00,96.00,106.00,89.00,26.00
7.47,5491.00,83.00,29.00,96.00,106.00,89.00,26.00
7.47,5491.00,85.00,29.00,96.00,106.00,89.00,26.00
7.66,5491.00,85.00,28.00,96.00,106.00,89.00,26.00
7.66,5609.00,86.00,28.00,96.00,110.00,89.00,26.00
7.66,5652.00,86.00,28.00,95.00,110.00,89.00,26.00
7.95,5688.00,86.00,28.00,96.00,109.00,89.00,25.00
8.05,5729.00,86.00,28.00,95.00,109.00,89.00,25.00
8.15,5729.00,86.00,28.00,96.00,109.00,89.00,25.00
8.15,5729.00,89.00,28.00,96.00,112.00,89.00,25.00
8.15,5729.00,90.00,28.00,96.00,114.00,89.00,25.00
8.15,5879.00,90.00,28.00,96.00,114.00,89.00,25.00
8.15,5914.00,91.00,28.00,96.00,114.00,89.00,24.00
8.15,5914.00,91.00,28.00,96.00,114.00,89.00,24.00
8.73,5914.00,91.00,28.00,95.00,114.00,89.00,24.00
8.83,5914.00,91.00,93.00,96.00,114.00,89.00,24.00
8.92,5983.00,94.00,28.00,96.00,109.00,89.00,24.00
9.02,5983.00,94.00,28.00,96.00,109.00,89.00,24.00
9.02,5243.00,95.00,28.00,96.00,109.00,89.00,-3.00
9.22,4755.00,95.00,28.00,27.00,90.00,89.00,22.00
9.22,4755.00,95.00,27.00,27.00,81.00,89.00,22.00
9.41,4247.00,95.00,27.00,27.00,81.00,89.00,22.00
9.41,4247.00,97.00,27.00,97.00,84.00,89.00,22.00
9.41,4247.00,97.00,27.00,97.00,84.00,89.00,22.00
9.41,4338.00,97.00,27.00,97.00,86.00,89.00,22.00
9.41,4362.00,99.00,27.00,97.00,88.00,89.00,22.00
9.90,4376.00,99.00,27.00,97.00,86.00,89.00,22.00
9.99,4376.00,99.00,27.00,97.00,85.00,89.00,22.00
9.99,4413.00,99.00,27.00,97.00,85.00,89.00,22.00
9.99,4413.00,100.00,27.00,97.00,89.00,89.00,22.00
10.29,4449.00,101.00,27.00,98.00,88.00,89.00,22.00
10.29,4470.00,101.00,27.00,97.00,89.00,89.00,22.00
10.48,4470.00,101.00,27.00,97.00,89.00,89.00,22.00
10.58,4470.00,101.00,27.00,97.00,89.00,89.00,22.00
10.68,4523.00,102.00,27.00,97.00,91.00,89.00,22.00
10.68,4523.00,103.00,27.00,97.00,88.00,89.00,23.00
10.87,4557.00,104.00,27.00,97.00,88.00,89.00,23.00
10.87,4580.00,104.00,27.00,97.00,87.00,89.00,23.00
11.06,4598.00,104.00,27.00,97.00,90.00,89.00,23.00
11.06,4598.00,104.00,27.00,97.00,90.00,89.00,23.00
11.26,4629.00,105.00,27.00,97.00,90.00,89.00,23.00
11.36,4629.00,106.00,26.00,97.00,89.00,89.00,23.00
11.45,4666.00,106.00,26.00,97.00,89.00,89.00,23.00
11.55,4687.00,106.00,26.00,97.00,91.00,89.00,23.00
11.65,4702.00,107.00,26.00,97.00,91.00,89.00,23.00
11.75,4702.00,108.00,26.00,97.00,91.00,89.00,23.00
11.84,4702.00,108.00,26.00,97.00,93.00,89.00,24.00
11.94,4757.00,108.00,26.00,97.00,94.00,89.00,24.00
11.94,4775.00,108.00,26.00,97.00,94.00,89.00,24.00
12.14,4791.00,108.00,26.00,97.00,93.00,89.00,24.00
12.23,4806.00,108.00,26.00,97.00,95.00,89.00,24.00
12.33,4806.00,110.00,26.00,97.00,95.00,75.00,24.00
12.43,4806.00,110.00,26.00,96.00,96.00,69.00,24.00
12.53,4852.00,110.00,26.00,96.00,97.00,67.00,24.00
12.53,4870.00,111.00,26.00,96.00,96.00,68.00,24.00
12.72,4886.00,111.00,26.00,96.00,96.00,69.00,25.00
12.82,4899.00,111.00,26.00,96.00,96.00,70.00,25.00
12.82,4899.00,112.00,26.00,96.00,93.00,70.00,25.00
12.82,4899.00,113.00,26.00,96.00,95.00,70.00,25.00
13.11,4951.00,113.00,26.00,96.00,95.00,70.00,25.00
13.11,4968.00,113.00,26.00,97.00,97.00,68.00,25.00
13.31,4983.00,113.00,26.00,97.00,97.00,38.00,27.00
13.40,4983.00,113.00,26.00,49.00,97.00,19.00,27.00
13.50,4739.00,115.00,26.00,49.00,97.00,19.00,27.00
13.60,4739.00,114.00,26.00,49.00,15.00,18.00,39.00
13.60,4697.00,114.00,26.00,22.00,15.00,18.00,39.00
13.79,4710.00,114.00,26.00,21.00,14.00,18.00,40.00
13.89,4670.00,114.00,26.00,21.00,14.00,18.00,40.00
13.99,4670.00,114.00,26.00,21.00,14.00,18.00,40.00
14.08,4670.00,113.00,26.00,21.00,14.00,18.00,40.00
14.18,4577.00,113.00,26.00,21.00,14.00,18.00,40.00
14.18,4560.00,113.00,26.00,21.00,14.00,18.00,40.00
14.38,4550.00,112.00,26.00,21.00,14.00,18.00,40.00
14.47,4550.00,112.00,26.00,21.00,14.00,18.00,40.00
14.47,4525.00,112.00,26.00,21.00,14.00,18.00,40.00
14.67,4525.00,111.00,26.00,21.00,14.00,18.00,40.00
14.77,4497.00,111.00,26.00,21.00,13.00,18.00,40.00
14.77,4487.00,111.00,26.00,21.00,13.00,18.00,40.00
14.96,4487.00,110.00,26.00,21.00,13.00,18.00,41.00
14.96,4464.00,110.00,26.00,21.00,13.00,18.00,41.00
15.15,4464.00,110.00,26.00,21.00,13.00,18.00,41.00
15.15,4464.00,4445.00,26.00,21.00,13.00,18.00,41.00
15.35,4429.00,4445.00,26.00,21.00,13.00,18.00,41.00
15.35,4429.00,109.00,26.00,21.00,13.00,18.00,41.00
15.54,4405.00,109.00,26.00,21.00,13.00,18.00,41.00
15.64,4387.00,109.00,26.00,21.00,13.00,18.00,41.00
15.74,4387.00,108.00,26.00,21.00,13.00,18.00,41.00
15.84,4387.00,108.00,26.00,21.00,13.00,18.00,41.00
15.84,4358.00,108.00,26.00,21.00,13.00,18.00,41.00
15.84,4346.00,107.00,26.00,26.00,13.00,18.00,41.00
16.13,4329.00,107.00,26.00,26.00,13.00,18.00,41.00
16.23,4313.00,107.00,26.00,21.00,13.00,18.00,41.00
16.23,4306.00,106.00,26.00,21.00,13.00,18.00,41.00
16.42,4296.00,106.00,26.00,21.00,13.00,18.00,41.00
16.42,4281.00,106.00,26.00,21.00,13.00,18.00,41.00
16.62,4266.00,105.00,26.00,26.00,13.00,18.00,41.00
16.62,4266.00,105.00,26.00,21.00,13.00,18.00,41.00
16.81,4266.00,105.00,26.00,21.00,13.00,18.00,41.00
16.81,4239.00,105.00,26.00,21.00,13.00,-64.00,41.00
17.00,4227.00,104.00,26.00,21.00,13.00,18.00,41.00
17.00,4227.00,104.00,26.00,21.00,12.00,18.00,41.00
17.20,4205.00,104.00,26.00,21.00,12.00,18.00,41.00
17.20,4205.00,104.00,26.00,21.00,12.00,18.00,41.00
17.39,4177.00,103.00,26.00,21.00,12.00,-64.00,41.00
17.39,4177.00,103.00,26.00,21.00,12.00,18.00,41.00
17.39,4153.00,103.00,26.00,21.00,12.00,18.00,41.00
17.39,4153.00,103.00,26.00,21.00,12.00,18.00,41.00
17.78,4130.00,102.00,26.00,21.00,12.00,18.00,18.00
17.88,4124.00,102.00,26.00,21.00,12.00,18.00,41.00
17.98,4111.00,102.00,26.00,21.00,12.00,18.00,41.00
18.08,4111.00,101.00,26.00,21.00,12.00,18.00,41.00
18.17,4092.00,101.00,26.00,21.00,12.00,18.00,42.00
18.27,4079.00,101.00,26.00,21.00,12.00,18.00,42.00
18.37,4067.00,100.00,26.00,21.00,12.00,18.00,42.00
18.47,4057.00,100.00,26.00,21.00,12.00,17.00,42.00
18.56,4057.00,100.00,26.00,21.00,12.00,17.00,42.00
18.56,4033.00,100.00,26.00,21.00,12.00,17.00,42.00
18.76,4033.00,100.00,26.00,21.00,12.00,17.00,42.00
18.85,4011.00,99.00,26.00,21.00,12.00,17.00,42.00
18.85,4011.00,99.00,26.00,21.00,12.00,17.00,42.00
19.05,4011.00,-40.00,26.00,21.00,12.00,17.00,42.00
19.05,4011.00,98.00,26.00,21.00,11.00,17.00,42.00
19.24,4011.00,98.00,26.00,21.00,11.00,17.00,42.00
19.24,3955.00,98.00,26.00,21.00,12.00,17.00,42.00
19.24,3945.00,98.00,26.00,21.00,11.00,17.00,42.00
19.53,3935.00,98.00,26.00,21.00,11.00,17.00,42.00
19.53,3922.00,97.00,26.00,21.00,11.00,17.00,42.00
19.73,3913.00,97.00,26.00,21.00,11.00,17.00,42.00
19.83,3913.00,97.00,26.00,21.00,11.00,17.00,42.00
19.92,3890.00,97.00,26.00,21.00,11.00,17.00,42.00
19.92,3890.00,96.00,26.00,21.00,11.00,17.00,42.00
20.12,3872.00,96.00,26.00,21.00,11.00,17.00,42.00
20.12,3872.00,96.00,26.00,21.00,11.00,17.00,42.00
20.12,3852.00,95.00,26.00,21.00,11.00,17.00,42.00
20.41,3852.00,95.00,95.00,21.00,11.00,17.00,42.00
20.51,3829.00,95.00,26.00,21.00,11.00,17.00,42.00
20.51,3829.00,95.00,26.00,21.00,11.00,17.00,42.00
20.70,3803.00,94.00,26.00,21.00,11.00,17.00,43.00
20.80,3796.00,94.00,26.00,26.00,11.00,17.00,43.00
20.90,3786.00,94.00,26.00,21.00,10.00,17.00,43.00
21.00,3786.00,94.00,26.00,21.00,11.00,17.00,43.00
21.09,3765.00,3773.00,27.00,21.00,10.00,17.00,43.00
21.09,3754.00,3773.00,27.00,27.00,10.00,17.00,43.00
21.29,3743.00,93.00,27.00,21.00,10.00,17.00,43.00
21.39,3743.00,93.00,93.00,21.00,10.00,16.00,43.00
21.39,3698.00,92.00,27.00,21.00,10.00,16.00,43.00
21.58,3675.00,92.00,27.00,21.00,10.00,16.00,43.00
21.68,3652.00,92.00,27.00,21.00,10.00,16.00,43.00
21.77,3628.00,91.00,27.00,27.00,10.00,16.00,43.00
21.87,3628.00,90.00,27.00,22.00,10.00,16.00,43.00
21.97,3628.00,89.00,27.00,22.00,10.00,16.00,43.00
22.07,3628.00,89.00,27.00,21.00,10.00,16.00,43.00
22.17,3572.00,89.00,27.00,21.00,10.00,16.00,43.00
22.17,3572.00,3571.00,27.00,21.00,10.00,16.00,43.00
22.36,3561.00,3571.00,27.00,21.00,10.00,16.00,43.00
22.36,3561.00,88.00,27.00,21.00,10.00,16.00,45.00
22.36,3868.00,87.00,27.00,21.00,10.00,21.00,43.00
22.65,3868.00,87.00,27.00,29.00,17.00,19.00,43.00
22.75,4783.00,87.00,27.00,29.00,14.00,19.00,43.00
22.75,5121.00,87.00,27.00,20.00,14.00,19.00,40.00
22.94,5269.00,85.00,27.00,19.00,14.00,19.00,39.00
23.04,5281.00,85.00,27.00,19.00,14.00,19.00,39.00
23.14,5199.00,85.00,27.00,18.00,14.00,19.00,39.00
23.23,5199.00,85.00,27.00,18.00,15.00,19.00,39.00
23.23,5139.00,85.00,27.00,19.00,15.00,19.00,39.00
23.23,5122.00,84.00,27.00,19.00,15.00,19.00,38.00
23.53,5100.00,84.00,27.00,19.00,15.00,19.00,38.00
23.62,5082.00,84.00,27.00,19.00,15.00,19.00,38.00
23.62,5082.00,5085.00,27.00,19.00,15.00,19.00,38.00
23.82,5082.00,83.00,27.00,19.00,15.00,19.00,38.00
23.82,5019.00,82.00,27.00,19.00,14.00,19.00,38.00
24.01,5000.00,82.00,27.00,20.00,14.00,-6625.00,38.00
24.01,5000.00,82.00,27.00,20.00,14.00,-6625.00,38.00
24.21,4956.00,-19169.00,27.00,20.00,14.00,-6625.00,19.00
24.21,-26593.00,81.00,27.00,20.00,15.00,19.00,19.00
24.40,4916.00,81.00,27.00,20.00,15.00,19.00,28447.00
24.40,4916.00,4916.00,18719.00,20.00,15.00,19.00,39.00
24.60,4875.00,4916.00,27.00,20.00,12830.00,19.00,39.00
24.70,4875.00,4916.00,27.00,20.00,5662.00,19.00,39.00
24.79,4840.00,79.00,27.00,20.00,15.00,19.00,39.00
24.89,4818.00,79.00,27.00,20.00,15.00,19.00,39.00
24.89,4796.00,79.00,27.00,27.00,15.00,19.00,39.00
25.09,4773.00,79.00,27.00,27.00,15.00,18.00,40.00
25.18,4753.00,79.00,27.00,20.00,15.00,18.00,40.00
25.18,4753.00,78.00,27.00,20.00,14.00,18.00,40.00
25.18,4753.00,78.00,27.00,20.00,14.00,18.00,40.00
25.18,4695.00,78.00,27.00,20.00,14.00,18.00,40.00
25.18,4674.00,77.00,27.00,20.00,14.00,18.00,40.00
25.18,4674.00,77.00,27.00,20.00,14.00,18.00,40.00
25.77,4637.00,77.00,27.00,20.00,14.00,18.00,40.00
25.87,4637.00,76.00,27.00,21.00,14.00,18.00,40.00
25.96,4637.00,76.00,27.00,20.00,14.00,18.00,40.00
25.96,4637.00,76.00,76.00,20.00,14.00,18.00,40.00
25.96,4552.00,76.00,27.00,20.00,14.00,18.00,40.00
26.25,4531.00,75.00,27.00,20.00,14.00,18.00,40.00
26.35,4531.00,74.00,27.00,20.00,13.00,18.00,40.00
26.45,4486.00,74.00,27.00,20.00,13.00,18.00,41.00
26.45,4486.00,74.00,27.00,21.00,13.00,18.00,41.00
26.64,4447.00,73.00,27.00,21.00,13.00,18.00,41.00
26.64,4447.00,73.00,27.00,21.00,13.00,18.00,41.00
26.84,4402.00,73.00,27.00,21.00,13.00,18.00,41.00
26.94,4402.00,73.00,27.00,21.00,13.00,18.00,41.00
26.94,4402.00,73.00,27.00,21.00,13.00,18.00,41.00
27.13,4402.00,73.00,27.00,21.00,13.00,18.00,41.00
27.23,4402.00,71.00,27.00,21.00,13.00,18.00,41.00
27.23,4301.00,71.00,27.00,21.00,13.00,18.00,41.00
27.23,4301.00,71.00,27.00,21.00,13.00,18.00,41.00
27.52,4301.00,70.00,27.00,21.00,13.00,18.00,41.00
27.62,4301.00,70.00,27.00,20.00,13.00,18.00,41.00
27.71,4217.00,70.00,27.00,21.00,13.00,18.00,41.00
27.71,4217.00,4221.00,27.00,21.00,13.00,18.00,41.00
27.91,4182.00,4221.00,27.00,21.00,13.00,18.00,41.00
27.91,4163.00,4221.00,27.00,21.00,12.00,18.00,41.00
28.10,4144.00,4221.00,27.00,20.00,12.00,18.00,41.00
28.20,4144.00,4221.00,27.00,20.00,12.00,18.00,41.00
28.30,4108.00,68.00,27.00,21.00,12.00,18.00,41.00
28.39,4108.00,68.00,27.00,21.00,12.00,18.00,42.00
28.49,4064.00,67.00,27.00,21.00,12.00,18.00,42.00
28.59,4040.00,67.00,27.00,21.00,12.00,18.00,42.00
28.69,4019.00,67.00,27.00,21.00,12.00,18.00,42.00
28.78,4001.00,67.00,27.00,21.00,12.00,17.00,42.00
28.78,4001.00,66.00,27.00,21.00,12.00,17.00,42.00
28.98,3961.00,66.00,27.00,21.00,12.00,17.00,42.00
29.08,3933.00,65.00,27.00,21.00,11.00,17.00,42.00
29.17,3899.00,65.00,27.00,21.00,11.00,17.00,42.00
29.17,3899.00,65.00,27.00,21.00,11.00,17.00,42.00
29.17,3833.00,64.00,27.00,21.00,11.00,17.00,42.00
29.17,3798.00,63.00,27.00,21.00,11.00,17.00,42.00
29.56,3754.00,63.00,27.00,21.00,11.00,17.00,42.00
29.56,3714.00,63.00,27.00,21.00,11.00,17.00,43.00
29.76,3714.00,63.00,27.00,21.00,11.00,17.00,43.00
29.85,3714.00,61.00,27.00,21.00,10.00,16.00,43.00
29.95,3603.00,60.00,27.00,21.00,10.00,16.00,43.00
29.95,3603.00,3577.00,27.00,21.00,10.00,16.00,43.00
30.15,3521.00,3577.00,27.00,21.00,10.00,16.00,43.00
30.15,3482.00,3577.00,27.00,21.00,9.00,16.00,44.00
30.34,3450.00,57.00,27.00,21.00,9.00,16.00,44.00
30.44,3450.00,57.00,57.00,21.00,9.00,16.00,44.00
30.54,3363.00,56.00,57.00,21.00,9.00,16.00,44.00
30.63,3363.00,56.00,57.00,21.00,9.00,16.00,44.00
30.63,3274.00,55.00,27.00,22.00,9.00,16.00,44.00
30.63,3234.00,54.00,27.00,27.00,9.00,15.00,44.00
30.93,3234.00,54.00,27.00,27.00,8.00,15.00,44.00
31.02,3148.00,54.00,27.00,27.00,8.00,15.00,44.00
31.02,0.13,52.00,27.00,22.00,8.00,15.00,45.00
31.02,0.13,52.00,27.00,22.00,8.00,15.00,45.00
31.02,3029.00,52.00,27.00,22.00,7.00,15.00,45.00
31.02,2993.00,50.00,27.00,22.00,7.00,15.00,45.00
31.02,2993.00,50.00,27.00,22.00,7.00,15.00,44.00
31.61,2993.00,49.00,27.00,22.00,7.00,15.00,44.00
31.70,2859.00,49.00,27.00,22.00,7.00,14.00,44.00
31.80,2810.00,48.00,27.00,22.00,7.00,14.00,44.00
31.80,2746.00,48.00,27.00,22.00,7.00,14.00,44.00
32.00,2681.00,48.00,27.00,23.00,7.00,14.00,44.00
32.09,2612.00,48.00,27.00,23.00,6.00,-148.00,42.00
32.19,2548.00,-266.00,27.00,23.00,289.00,14.00,42.00
32.29,2548.00,-266.00,27.00,23.00,289.00,14.00,42.00
32.29,170.00,42.00,27.00,143.00,6.00,14.00,42.00
32.48,2338.00,42.00,27.00,22.00,6.00,14.00,42.00
32.48,2273.00,40.00,41.00,22.00,6.00,14.00,40.00
32.68,2202.00,40.00,27.00,22.00,6.00,14.00,40.00
32.78,2202.00,2174.00,27.00,22.00,5.00,13.00,40.00
32.78,2056.00,37.00,27.00,22.00,5.00,13.00,40.00
32.78,2056.00,2024.00,27.00,27.00,5.00,13.00,32.00
33.07,1917.00,34.00,27.00,23.00,5.00,13.00,13.00
33.07,1855.00,34.00,60.00,23.00,5.00,13.00,27.00
33.26,1798.00,33.00,27.00,23.00,5.00,13.00,24.00
33.36,1798.00,33.00,34.00,24.00,-574.00,12.00,22.00
33.36,1713.00,32.00,27.00,24.00,-574.00,12.00,22.00
33.36,1713.00,32.00,27.00,27.00,6.00,12.00,26.00
33.65,1693.00,31.00,27.00,28.00,6.00,15.00,32.00
33.75,1844.00,31.00,27.00,27.00,8.00,-6654.00,39.00
33.85,1844.00,31.00,27.00,33.00,8.00,-6654.00,39.00
33.94,1844.00,31.00,27.00,33.00,-7102.00,18.00,39.00
34.04,2071.00,31.00,27.00,39.00,12.00,18.00,39.00
34.14,2051.00,31.00,27.00,39.00,10.00,16.00,-5630.00
34.24,2040.00,31.00,27.00,34.00,10.00,16.00,-5630.00
34.33,2040.00,31.00,27.00,29.00,10.00,16.00,41.00
34.33,1965.00,31.00,27.00,26.00,5.00,13.00,40.00
34.53,1965.00,31.00,27.00,26.00,5.00,13.00,39.00
34.53,-6014.00,31.00,27.00,24.00,5.00,13.00,39.00
34.53,1897.00,31.00,27.00,24.00,5.00,13.00,-7422.00
34.53,1897.00,31.00,27.00,27.00,5.00,13.00,37.00
34.92,1847.00,31.00,27.00,23.00,5.00,13.00,13.00
35.02,1847.00,31.00,27.00,23.00,4.00,13.00,36.00
35.02,1847.00,31.00,27.00,23.00,3202.00,14.00,36.00
35.21,1847.00,31.00,27.00,25.00,6.00,14.00,35.00
35.31,1758.00,30.00,27.00,25.00,6.00,14.00,35.00
35.40,1773.00,30.00,27.00,28.00,6.00,14.00,36.00
35.50,1823.00,29.00,27.00,29.00,6.00,15.00,36.00
35.60,1984.00,29.00,27.00,27.00,80.00,15.00,41.00
35.70,46.00,28.00,27.00,27.00,8.00,15.00,41.00
35.79,197.00,27.00,27.00,173.00,10.00,15.00,47.00
35.89,2823.00,26.00,27.00,33.00,10.00,20.00,48.00
35.89,3122.00,26.00,27.00,33.00,17.00,20.00,46.00
36.09,3216.00,25.00,27.00,38.00,17.00,20.00,46.00
36.18,3216.00,25.00,27.00,38.00,138.00,20.00,46.00
36.18,3053.00,26.00,27.00,39.00,16.00,20.00,46.00
36.38,3053.00,26.00,27.00,39.00,16.00,19.00,48.00
36.38,3052.00,26.00,27.00,38.00,16.00,19.00,48.00
36.57,3098.00,26.00,27.00,39.00,16.00,153.00,47.00
36.57,3098.00,26.00,27.00,40.00,17.00,20.00,47.00
36.77,3124.00,26.00,27.00,40.00,17.00,20.00,47.00
36.77,3124.00,26.00,27.00,41.00,18.00,21.00,47.00
36.96,3136.00,26.00,27.00,41.00,21.00,21.00,206.00
36.96,3136.00,26.00,26.00,47.00,21.00,23.00,45.00
37.16,3230.00,26.00,26.00,52.00,21.00,23.00,45.00
37.26,3230.00,26.00,27.00,53.00,26.00,23.00,45.00
37.26,3296.00,27.00,27.00,53.00,26.00,23.00,45.00
37.45,3296.00,27.00,27.00,53.00,26.00,23.00,45.00
37.55,3340.00,28.00,27.00,53.00,27.00,23.00,45.00
37.65,3389.00,28.00,138.00,54.00,27.00,24.00,44.00
37.74,3389.00,28.00,27.00,56.00,27.00,25.00,44.00
37.84,3505.00,28.00,27.00,56.00,219.00,26.00,42.00
37.94,3566.00,29.00,27.00,56.00,37.00,26.00,42.00
37.94,3566.00,29.00,27.00,3266.00,44.00,26.00,38.00
38.13,3701.00,29.00,27.00,75.00,44.00,26.00,34.00
38.23,3839.00,29.00,27.00,27.00,63.00,-2750.00,30.00
38.33,3839.00,29.00,27.00,27.00,63.00,-2750.00,30.00
38.42,3839.00,29.00,27.00,27.00,130.00,38.00,28.00
38.52,4211.00,33.00,27.00,85.00,72.00,38.00,28.00
38.52,4333.00,33.00,27.00,85.00,75.00,40.00,-16.00
38.72,4460.00,33.00,27.00,87.00,75.00,40.00,-16.00
38.81,4579.00,36.00,27.00,87.00,75.00,40.00,23.00
38.81,4716.00,42.00,27.00,94.00,70.00,59.00,22.00
39.01,4716.00,38.00,27.00,94.00,70.00,68.00,22.00
39.01,107.00,40.00,27.00,96.00,100.00,-64.00,22.00
39.20,5125.00,42.00,27.00,97.00,100.00,-64.00,22.00
39.20,5125.00,5138.00,15.00,96.00,104.00,81.00,25.00
39.40,5416.00,5138.00,27.00,96.00,105.00,73.00,25.00
39.40,5416.00,5138.00,27.00,96.00,105.00,82.00,25.00
39.59,5688.00,45.00,27.00,96.00,105.00,82.00,25.00
39.59,5688.00,45.00,26.00,96.00,110.00,89.00,24.00
39.59,5949.00,47.00,26.00,96.00,110.00,89.00,24.00
39.59,6044.00,47.00,26.00,96.00,110.00,89.00,24.00
39.59,6044.00,51.00,26.00,95.00,110.00,89.00,-2.00
40.08,5573.00,51.00,26.00,96.00,109.00,89.00,-3.00
40.18,5132.00,52.00,26.00,96.00,97.00,89.00,-3.00
40.27,5132.00,54.00,26.00,96.00,88.00,89.00,-3.00
40.37,5132.00,54.00,26.00,98.00,80.00,89.00,-3.00
40.37,3807.00,55.00,26.00,98.00,80.00,89.00,20.00
40.37,3807.00,57.00,26.00,98.00,79.00,89.00,20.00
40.66,3807.00,57.00,26.00,98.00,79.00,89.00,20.00
40.66,3807.00,57.00,26.00,98.00,79.00,89.00,20.00
40.66,3807.00,59.00,26.00,98.00,78.00,89.00,20.00
40.95,3807.00,59.00,26.00,98.00,78.00,89.00,20.00
41.05,3807.00,61.00,26.00,98.00,80.00,89.00,20.00
41.05,4129.00,61.00,26.00,98.00,80.00,89.00,21.00
41.25,4129.00,61.00,26.00,98.00,82.00,89.00,21.00
41.34,4231.00,61.00,26.00,98.00,82.00,89.00,21.00
41.44,4231.00,61.00,63.00,97.00,82.00,89.00,20.00
41.44,4328.00,64.00,26.00,97.00,88.00,89.00,20.00
41.44,4328.00,66.00,26.00,97.00,88.00,89.00,20.00
41.44,4424.00,66.00,25.00,97.00,86.00,89.00,20.00
41.44,4478.00,67.00,25.00,97.00,86.00,89.00,20.00
41.44,4523.00,68.00,25.00,97.00,91.00,89.00,21.00
42.02,4523.00,68.00,25.00,97.00,91.00,89.00,21.00
42.02,4523.00,4572.00,25.00,97.00,91.00,89.00,21.00
42.22,4673.00,71.00,25.00,97.00,91.00,89.00,89.00
42.22,4718.00,71.00,25.00,97.00,96.00,89.00,89.00
42.22,4772.00,71.00,25.00,97.00,93.00,89.00,89.00
42.51,4772.00,71.00,25.00,97.00,97.00,89.00,22.00
42.51,4863.00,71.00,25.00,97.00,97.00,89.00,22.00
42.70,4909.00,71.00,25.00,97.00,97.00,89.00,22.00
42.70,4909.00,76.00,25.00,97.00,99.00,89.00,23.00
42.70,4909.00,76.00,25.00,97.00,100.00,89.00,25.00
42.70,4909.00,76.00,25.00,96.00,99.00,89.00,25.00
42.70,5096.00,78.00,25.00,97.00,102.00,89.00,25.00
43.19,5096.00,78.00,25.00,96.00,99.00,89.00,25.00
43.29,5096.00,12831.00,25.00,96.00,99.00,89.00,25.00
43.29,5234.00,79.00,25.00,96.00,99.00,89.00,25.00
43.48,-16097.00,80.00,24.00,96.00,104.00,89.00,25.00
43.48,-16097.00,80.00,24.00,24.00,103.00,89.00,25.00
43.48,5362.00,82.00,24.00,96.00,103.00,89.00,25.00
43.77,5362.00,82.00,24.00,96.00,103.00,89.00,25.00
43.87,5362.00,84.00,24.00,96.00,103.00,89.00,25.00
43.97,5362.00,84.00,24.00,96.00,103.00,89.00,25.00
43.97,5362.00,85.00,24.00,96.00,110.00,89.00,25.00
44.16,5587.00,86.00,24.00,96.00,110.00,89.00,25.00
44.16,5612.00,86.00,24.00,96.00,109.00,89.00,25.00
44.36,5624.00,86.00,24.00,96.00,109.00,89.00,25.00
44.45,5565.00,86.00,24.00,96.00,109.00,89.00,-2.00
44.55,5181.00,88.00,24.00,96.00,98.00,89.00,-2.00
44.55,5181.00,89.00,24.00,96.00,90.00,89.00,-4.00
44.55,4214.00,90.00,24.00,98.00,90.00,89.00,-4.00
44.55,4005.00,90.00,24.00,98.00,75.00,89.00,21.00
44.94,4060.00,90.00,24.00,98.00,75.00,89.00,21.00
45.04,4066.00,90.00,23.00,98.00,75.00,89.00,21.00
45.14,4091.00,91.00,23.00,98.00,82.00,89.00,21.00
45.14,4091.00,92.00,23.00,98.00,81.00,89.00,21.00
45.14,4132.00,92.00,23.00,97.00,81.00,89.00,21.00
45.14,4151.00,93.00,23.00,97.00,81.00,89.00,21.00
45.52,4151.00,94.00,93.00,97.00,84.00,89.00,21.00
45.62,4151.00,94.00,23.00,97.00,84.00,89.00,21.00
45.62,4151.00,94.00,23.00,97.00,84.00,89.00,21.00
45.82,4151.00,95.00,23.00,97.00,84.00,89.00,21.00
45.91,4151.00,95.00,23.00,97.00,82.00,89.00,21.00
45.91,4268.00,96.00,23.00,97.00,81.00,89.00,21.00
46.11,4268.00,96.00,23.00,97.00,82.00,89.00,21.00
46.11,4304.00,97.00,23.00,97.00,82.00,89.00,21.00
46.30,4323.00,97.00,23.00,97.00,82.00,89.00,21.00
46.30,4323.00,98.00,23.00,97.00,86.00,89.00,21.00
46.30,4323.00,98.00,23.00,97.00,84.00,89.00,21.00
46.30,4323.00,98.00,98.00,97.00,86.00,89.00,-125.00
46.30,4394.00,99.00,98.00,97.00,87.00,89.00,20.00
46.30,4394.00,99.00,23.00,97.00,89.00,89.00,20.00
46.89,4427.00,99.00,23.00,97.00,89.00,89.00,20.00
46.89,4441.00,100.00,23.00,97.00,89.00,89.00,20.00
46.89,4460.00,101.00,23.00,97.00,87.00,89.00,20.00
47.18,4483.00,101.00,23.00,97.00,87.00,89.00,20.00
47.18,4493.00,101.00,23.00,97.00,89.00,89.00,20.00
47.37,4515.00,101.00,23.00,97.00,89.00,89.00,89.00
47.37,4515.00,103.00,23.00,97.00,89.00,89.00,20.00
47.57,4546.00,103.00,23.00,97.00,89.00,89.00,21.00
47.57,4546.00,103.00,23.00,97.00,92.00,89.00,21.00
47.76,4546.00,104.00,23.00,97.00,93.00,89.00,21.00
47.76,4546.00,104.00,23.00,97.00,93.00,89.00,21.00
47.76,4617.00,105.00,23.00,97.00,92.00,89.00,22.00
48.05,4617.00,105.00,23.00,87.00,92.00,24.00,25.00
48.15,4617.00,105.00,22.00,43.00,92.00,18.00,25.00
48.25,4617.00,105.00,22.00,27.00,13.00,18.00,40.00
48.35,4617.00,105.00,22.00,27.00,13.00,18.00,40.00
48.44,4334.00,105.00,22.00,21.00,13.00,18.00,41.00
48.54,4332.00,105.00,22.00,21.00,13.00,18.00,41.00
48.64,4296.00,105.00,22.00,21.00,13.00,18.00,41.00
48.64,4216.00,105.00,22.00,21.00,13.00,18.00,41.00
48.64,4214.00,104.00,22.00,21.00,12.00,18.00,41.00
48.64,4203.00,104.00,22.00,21.00,12.00,18.00,41.00
48.64,4185.00,104.00,22.00,21.00,12.00,18.00,41.00
49.12,4160.00,104.00,22.00,21.00,12.00,18.00,41.00
49.22,4160.00,104.00,22.00,21.00,12.00,18.00,41.00
49.22,4160.00,104.00,22.00,21.00,12.00,17.00,41.00
49.42,4090.00,101.00,22.00,21.00,12.00,17.00,41.00
49.51,4090.00,101.00,22.00,21.00,12.00,17.00,42.00
49.61,4033.00,101.00,22.00,21.00,12.00,17.00,42.00
49.71,4033.00,101.00,22.00,21.00,12.00,17.00,42.00
49.71,3971.00,99.00,23.00,21.00,12.00,17.00,42.00
49.90,3940.00,99.00,23.00,21.00,12.00,17.00,42.00
49.90,3940.00,96.00,23.00,21.00,11.00,17.00,42.00
50.10,3880.00,96.00,23.00,21.00,11.00,17.00,42.00
50.10,3880.00,95.00,23.00,21.00,11.00,17.00,42.00
50.29,3822.00,94.00,23.00,21.00,11.00,17.00,42.00
50.39,3822.00,94.00,23.00,21.00,11.00,17.00,43.00
50.39,3822.00,93.00,23.00,21.00,11.00,17.00,43.00
50.39,3735.00,93.00,23.00,21.00,10.00,16.00,43.00
50.68,3703.00,92.00,23.00,21.00,10.00,16.00,43.00
50.68,3671.00,92.00,23.00,21.00,10.00,16.00,43.00
50.88,3641.00,91.00,23.00,21.00,10.00,16.00,43.00
50.97,3610.00,91.00,23.00,21.00,10.00,16.00,43.00
51.07,3581.00,89.00,23.00,21.00,10.00,16.00,43.00
51.07,3581.00,89.00,23.00,21.00,10.00,16.00,44.00
51.27,3509.00,88.00,23.00,21.00,10.00,16.00,44.00
51.27,3537.00,86.00,23.00,21.00,10.00,16.00,43.00
51.46,3743.00,86.00,23.00,20.00,10.00,17.00,42.00
51.56,3743.00,86.00,23.00,21.00,10.00,18.00,42.00
51.56,4278.00,82.00,23.00,21.00,12.00,18.00,42.00
51.75,-21984.00,82.00,23.00,-14561.00,12.00,18.00,-29921.00
51.85,4585.00,82.00,23.00,20.00,13.00,14623.00,40.00
51.85,4585.00,82.00,23.00,20.00,13.00,14623.00,40.00
52.04,4585.00,82.00,23.00,20.00,13.00,14623.00,40.00
52.14,4795.00,78.00,23.00,20.00,14.00,18.00,40.00
52.24,4795.00,78.00,23.00,20.00,14.00,18.00,40.00
52.24,4676.00,78.00,23.00,20.00,14.00,18.00,40.00
52.24,4676.00,78.00,23.00,20.00,14.00,18.00,40.00
52.24,4590.00,76.00,23.00,20.00,14.00,18.00,40.00
52.24,4590.00,76.00,23.00,23.00,14.00,18.00,40.00
52.72,4505.00,76.00,23.00,23.00,14.00,18.00,40.00
52.72,4459.00,74.00,23.00,23.00,14.00,18.00,41.00
52.92,4459.00,73.00,23.00,23.00,13.00,18.00,41.00
52.92,4387.00,73.00,23.00,23.00,13.00,18.00,41.00
53.11,4387.00,73.00,23.00,21.00,13.00,18.00,41.00
53.21,4328.00,73.00,23.00,21.00,13.00,18.00,41.00
53.21,4310.00,73.00,23.00,21.00,13.00,18.00,41.00
53.41,4295.00,73.00,23.00,21.00,13.00,18.00,41.00
53.41,4295.00,70.00,23.00,21.00,13.00,18.00,41.00
53.41,4295.00,70.00,23.00,21.00,12.00,18.00,41.00
53.41,4269.00,70.00,23.00,21.00,17.00,20.00,41.00
53.41,4269.00,70.00,23.00,26.00,19.00,20.00,41.00
53.89,4360.00,69.00,23.00,27.00,19.00,20.00,38.00
53.99,4360.00,69.00,23.00,27.00,25.00,23.00,34.00
53.99,4360.00,69.00,23.00,27.00,25.00,23.00,33.00
54.18,4360.00,69.00,23.00,34.00,25.00,22.00,33.00
54.28,4384.00,69.00,23.00,34.00,25.00,22.00,33.00
54.28,4385.00,69.00,23.00,34.00,25.00,23.00,34.00
54.48,4384.00,70.00,23.00,34.00,25.00,23.00,34.00
54.57,4384.00,70.00,23.00,33.00,25.00,23.00,34.00
54.67,4384.00,70.00,23.00,34.00,25.00,23.00,34.00
54.67,4384.00,70.00,23.00,34.00,24.00,22.00,34.00
54.67,4384.00,70.00,23.00,34.00,23.00,22.00,34.00
54.96,3850.00,70.00,23.00,36.00,23.00,21.00,40.00
54.96,3671.00,70.00,23.00,37.00,21.00,21.00,40.00
55.16,3671.00,70.00,23.00,37.00,21.00,21.00,40.00
55.25,3296.00,70.00,23.00,37.00,18.00,20.00,40.00
55.35,3087.00,70.00,23.00,40.00,17.00,20.00,40.00
55.35,3087.00,71.00,23.00,40.00,16.00,20.00,47.00
55.54,3013.00,-40.00,23.00,38.00,16.00,20.00,49.00
55.54,3006.00,71.00,23.00,31.00,16.00,15.00,49.00
55.74,2956.00,71.00,23.00,26.00,7.00,15.00,49.00
55.74,2956.00,71.00,23.00,26.00,7.00,15.00,48.00
55.74,2903.00,-40.00,24.00,26.00,7.00,15.00,48.00
56.03,2903.00,70.00,24.00,26.00,7.00,15.00,46.00
56.03,2807.00,70.00,24.00,23.00,7.00,14.00,46.00
56.23,2779.00,70.00,24.00,23.00,7.00,14.00,45.00
56.32,2765.00,70.00,24.00,23.00,7.00,14.00,44.00
56.42,2765.00,70.00,24.00,23.00,7.00,14.00,44.00
56.42,2765.00,70.00,24.00,23.00,7.00,14.00,44.00
56.62,2765.00,69.00,24.00,23.00,7.00,14.00,44.00
56.71,2765.00,69.00,24.00,23.00,7.00,14.00,44.00
56.81,2705.00,69.00,24.00,23.00,7.00,14.00,44.00
56.91,2691.00,69.00,24.00,23.00,7.00,14.00,43.00
56.91,2681.00,69.00,24.00,23.00,7.00,14.00,43.00
57.10,2671.00,69.00,24.00,23.00,7.00,14.00,43.00
57.10,2671.00,68.00,24.00,23.00,6.00,14.00,43.00
57.10,2671.00,68.00,24.00,23.00,6.00,14.00,43.00
57.39,2647.00,68.00,24.00,23.00,6.00,14.00,43.00
57.49,2634.00,67.00,24.00,23.00,7.00,14.00,43.00
57.49,2634.00,67.00,24.00,23.00,6.00,14.00,43.00
57.68,2634.00,67.00,24.00,23.00,6.00,14.00,43.00
57.78,2634.00,67.00,24.00,23.00,6.00,14.00,43.00
57.88,2634.00,67.00,24.00,22.00,6.00,14.00,43.00
57.98,2634.00,66.00,24.00,22.00,6.00,14.00,43.00
58.07,2581.00,66.00,24.00,23.00,6.00,14.00,42.00
58.17,2575.00,66.00,24.00,23.00,6.00,14.00,42.00
58.17,2575.00,66.00,24.00,23.00,6.00,14.00,42.00
58.37,2561.00,66.00,24.00,23.00,6.00,14.00,42.00
58.37,2552.00,66.00,24.00,23.00,6.00,14.00,42.00
58.37,2552.00,65.00,24.00,23.00,6.00,14.00,42.00
58.37,2552.00,65.00,24.00,23.00,6.00,14.00,42.00
58.37,2552.00,65.00,24.00,23.00,6.00,14.00,42.00
58.85,2512.00,65.00,24.00,22.00,6.00,14.00,42.00
58.95,2512.00,65.00,24.00,22.00,6.00,14.00,42.00
58.95,2494.00,64.00,24.00,22.00,6.00,14.00,42.00
59.14,2485.00,64.00,24.00,22.00,6.00,14.00,42.00
59.24,2477.00,64.00,24.00,22.00,6.00,14.00,42.00
59.24,2468.00,64.00,24.00,22.00,6.00,14.00,42.00
59.44,2468.00,64.00,24.00,22.00,6.00,14.00,42.00
59.44,2450.00,64.00,24.00,22.00,6.00,14.00,42.00
59.44,2439.00,64.00,24.00,22.00,6.00,14.00,42.00
59.44,2439.00,64.00,24.00,22.00,6.00,14.00,42.00
59.44,2439.00,63.00,63.00,22.00,8.00,14.00,42.00
59.92,2516.00,63.00,24.00,27.00,8.00,14.00,42.00
59.92,2617.00,63.00,24.00,32.00,14.00,19.00,44.00
60.12,2665.00,63.00,24.00,32.00,16.00,20.00,42.00
60.21,2726.00,63.00,24.00,24.00,16.00,21.00,42.00
60.31,2726.00,63.00,24.00,53.00,27.00,21.00,42.00
60.31,2726.00,63.00,24.00,53.00,29.00,25.00,39.00
60.31,2815.00,63.00,24.00,53.00,29.00,25.00,39.00
60.31,2837.00,63.00,24.00,53.00,29.00,27.00,35.00
60.70,2837.00,63.00,24.00,76.00,29.00,27.00,34.00
60.80,2887.00,63.00,24.00,77.00,36.00,28.00,33.00
60.80,2887.00,64.00,24.00,77.00,40.00,28.00,33.00
60.99,2887.00,64.00,24.00,77.00,40.00,28.00,29.00
61.09,2964.00,64.00,24.00,86.00,40.00,32.00,25.00
61.09,2990.00,65.00,24.00,87.00,43.00,32.00,24.00
61.28,2990.00,65.00,24.00,87.00,44.00,33.00,24.00
61.38,3030.00,65.00,24.00,88.00,44.00,33.00,24.00
61.38,3044.00,66.00,24.00,88.00,45.00,33.00,22.00
61.58,3044.00,67.00,24.00,88.00,46.00,33.00,21.00
61.67,3075.00,67.00,24.00,88.00,46.00,33.00,21.00
61.77,3090.00,67.00,24.00,89.00,46.00,33.00,21.00
61.77,3090.00,68.00,24.00,89.00,46.00,34.00,20.00
61.97,3116.00,68.00,24.00,89.00,46.00,34.00,20.00
61.97,3141.00,68.00,24.00,89.00,48.00,34.00,20.00
61.97,3141.00,69.00,24.00,89.00,50.00,34.00,20.00
61.97,3141.00,69.00,24.00,89.00,57.00,39.00,20.00
61.97,3141.00,70.00,24.00,94.00,56.00,39.00,20.00
62.45,3243.00,71.00,24.00,94.00,62.00,39.00,17.00
62.55,3243.00,71.00,24.00,94.00,62.00,44.00,17.00
62.55,3293.00,72.00,24.00,94.00,62.00,44.00,17.00
62.74,3309.00,72.00,24.00,95.00,62.00,43.00,17.00
62.84,3329.00,72.00,24.00,95.00,56.00,35.00,17.00
62.84,3333.00,72.00,24.00,66.00,56.00,16.00,29.00
63.04,3333.00,72.00,24.00,66.00,56.00,16.00,29.00
63.04,3092.00,72.00,24.00,66.00,9.00,16.00,29.00
63.04,3090.00,72.00,24.00,27.00,9.00,15.00,45.00
63.04,3090.00,72.00,24.00,24.00,8.00,15.00,45.00
63.04,3090.00,3076.00,24.00,24.00,7.00,15.00,45.00
63.52,2963.00,3076.00,24.00,22.00,7.00,15.00,45.00
63.52,2922.00,74.00,24.00,22.00,7.00,14.00,44.00
63.72,2909.00,74.00,24.00,22.00,7.00,14.00,44.00
63.81,2909.00,74.00,24.00,22.00,7.00,14.00,44.00
63.91,2892.00,73.00,24.00,22.00,7.00,14.00,44.00
63.91,2892.00,73.00,24.00,22.00,7.00,14.00,44.00
63.91,2873.00,72.00,24.00,22.00,7.00,14.00,44.00
63.91,2858.00,72.00,24.00,22.00,7.00,14.00,44.00
64.30,2839.00,72.00,24.00,23.00,7.00,14.00,44.00
64.40,2818.00,72.00,24.00,23.00,7.00,14.00,44.00
64.40,2818.00,71.00,24.00,23.00,7.00,14.00,44.00
64.59,2818.00,70.00,24.00,23.00,7.00,14.00,43.00
64.69,2752.00,70.00,24.00,23.00,7.00,14.00,43.00
64.69,2722.00,70.00,24.00,23.00,7.00,14.00,43.00
64.88,2696.00,70.00,24.00,23.00,7.00,14.00,43.00
64.98,2669.00,70.00,24.00,23.00,7.00,14.00,43.00
64.98,2636.00,67.00,24.00,23.00,6.00,14.00,43.00
65.18,2636.00,67.00,24.00,23.00,6.00,14.00,43.00
65.27,2581.00,67.00,24.00,23.00,6.00,14.00,42.00
65.27,2556.00,67.00,24.00,23.00,6.00,14.00,42.00
65.27,2556.00,67.00,24.00,23.00,6.00,14.00,42.00
65.27,2500.00,67.00,24.00,23.00,6.00,14.00,42.00
65.66,2469.00,67.00,24.00,22.00,6.00,14.00,42.00
65.66,2437.00,67.00,24.00,22.00,6.00,14.00,42.00
65.66,2437.00,62.00,24.00,22.00,6.00,14.00,42.00
65.95,2372.00,62.00,24.00,22.00,6.00,14.00,42.00
65.95,2338.00,60.00,24.00,22.00,6.00,14.00,41.00
65.95,2338.00,60.00,24.00,22.00,6.00,14.00,41.00
66.24,2338.00,60.00,24.00,22.00,6.00,14.00,41.00
66.24,2234.00,58.00,24.00,22.00,6.00,14.00,40.00
66.44,2199.00,58.00,24.00,22.00,5.00,14.00,39.00
66.44,2199.00,58.00,24.00,22.00,5.00,13.00,39.00
66.44,2131.00,58.00,24.00,22.00,5.00,13.00,39.00
66.73,2096.00,58.00,24.00,22.00,5.00,13.00,39.00
66.73,2096.00,55.00,24.00,22.00,5.00,13.00,29.00
66.93,2096.00,55.00,24.00,22.00,5.00,13.00,26.00
66.93,1992.00,53.00,24.00,22.00,5.00,13.00,26.00
66.93,1992.00,52.00,24.00,0.16,5.00,13.00,0.09
66.93,1992.00,52.00,24.00,0.16,5.00,13.00,0.09
67.31,1887.00,52.00,24.00,23.00,5.00,13.00,0.09
67.41,1850.00,50.00,24.00,23.00,5.00,13.00,0.09
67.41,1850.00,50.00,24.00,23.00,4.00,13.00,13.00
67.41,1850.00,50.00,24.00,23.00,4.00,13.00,13.00
67.70,1725.00,47.00,24.00,23.00,4.00,12.00,13.00
67.80,80.00,47.00,24.00,24.00,4.00,12.00,8.00
67.80,80.00,47.00,24.00,24.00,4.00,12.00,8.00
67.99,1601.00,47.00,24.00,24.00,4.00,12.00,8.00
68.09,1558.00,47.00,24.00,24.00,4.00,12.00,8.00
68.09,1515.00,47.00,24.00,24.00,4.00,12.00,8.00
68.29,1467.00,47.00,24.00,24.00,4.00,12.00,8.00
68.29,1427.00,42.00,24.00,24.00,3.00,12.00,8.00
68.29,1373.00,40.00,24.00,24.00,3.00,12.00,8.00
68.29,1373.00,40.00,24.00,24.00,3.00,12.00,8.00
68.29,1373.00,38.00,24.00,24.00,3.00,11.00,8.00
68.77,1218.00,36.00,24.00,24.00,3.00,11.00,8.00
68.87,1156.00,108.00,24.00,24.00,93.00,11.00,8.00
68.87,1156.00,108.00,24.00,24.00,3.00,11.00,8.00
69.06,-5181.00,108.00,24.00,24.00,2.00,11.00,-10.00
69.16,963.00,33.00,24.00,25.00,2.00,11.00,-10.00
69.16,934.00,33.00,24.00,25.00,2.00,11.00,-10.00
69.36,934.00,33.00,24.00,25.00,2.00,11.00,-10.00
69.45,867.00,1.00,24.00,25.00,2.00,11.00,3.00
69.55,822.00,28.00,24.00,27.00,3.00,11.00,3.00
69.55,822.00,27.00,24.00,56.00,2.00,11.00,6.00
69.74,822.00,-40.00,24.00,56.00,2.00,11.00,6.00
69.74,830.00,25.00,24.00,28.00,2.00,11.00,5.00
69.94,815.00,24.00,24.00,28.00,2.00,11.00,5.00
70.04,802.00,24.00,24.00,28.00,2.00,11.00,4.00
70.04,802.00,24.00,24.00,28.00,2.00,11.00,4.00
70.23,782.00,22.00,24.00,28.00,2.00,11.00,4.00
70.33,747.00,21.00,24.00,30.00,2.00,11.00,4.00
70.33,736.00,21.00,24.00,30.00,2.00,11.00,8.00
70.52,736.00,21.00,24.00,33.00,4.00,11.00,9.00
70.62,739.00,21.00,24.00,38.00,6.00,14.00,10.00
70.62,778.00,21.00,24.00,44.00,6.00,16.00,10.00
70.62,874.00,21.00,24.00,44.00,6.00,16.00,11.00
70.62,874.00,21.00,24.00,44.00,13.00,16.00,13.00
70.62,1143.00,21.00,24.00,64.00,14.00,19.00,13.00
70.62,1310.00,20.00,24.00,66.00,14.00,20.00,13.00
71.20,1625.00,20.00,24.00,67.00,16.00,21.00,13.00
71.30,1734.00,20.00,24.00,68.00,16.00,21.00,13.00
71.30,1734.00,21.00,24.00,69.00,17.00,21.00,13.00
71.49,1734.00,22.00,24.00,69.00,17.00,21.00,28.00
71.59,1824.00,22.00,24.00,72.00,21.00,23.00,25.00
71.59,1859.00,22.00,24.00,72.00,21.00,23.00,24.00
71.59,1859.00,22.00,24.00,76.00,21.00,23.00,25.00
71.59,1937.00,1909.00,24.00,76.00,21.00,23.00,25.00
71.98,1960.00,24.00,24.00,76.00,21.00,23.00,26.00
71.98,1960.00,24.00,24.00,76.00,21.00,23.00,26.00
71.98,1960.00,24.00,24.00,75.00,22.00,23.00,26.00
71.98,1995.00,24.00,24.00,77.00,24.00,23.00,26.00
72.37,2031.00,26.00,24.00,78.00,24.00,23.00,26.00
72.47,2031.00,17.00,24.00,78.00,26.00,25.00,23.00
72.47,2031.00,27.00,24.00,78.00,86.00,25.00,24.00
72.66,95.00,28.00,24.00,120.00,26.00,25.00,24.00
72.76,2153.00,28.00,24.00,80.00,27.00,26.00,24.00
72.76,2169.00,28.00,24.00,82.00,28.00,224.00,24.00
72.95,2169.00,29.00,24.00,82.00,28.00,28.00,22.00
73.05,2233.00,29.00,24.00,87.00,99.00,31.00,19.00
73.05,2289.00,30.00,24.00,91.00,39.00,34.00,19.00
73.05,2289.00,31.00,24.00,91.00,40.00,34.00,15.00
73.34,2289.00,-40.00,24.00,96.00,40.00,34.00,14.00
73.34,2501.00,32.00,-7997.00,97.00,43.00,-7101.00,13.00
73.54,2501.00,33.00,24.00,97.00,-1661.00,50.00,13.00
73.54,2501.00,36.00,24.00,97.00,-1661.00,55.00,13.00
73.73,147.00,35.00,24.00,97.00,-1661.00,57.00,13.00
73.73,2663.00,35.00,24.00,97.00,47.00,60.00,13.00
73.73,2690.00,35.00,-28.00,99.00,47.00,63.00,13.00
73.73,2690.00,35.00,5.00,99.00,47.00,63.00,13.00
74.12,2690.00,37.00,5.00,99.00,47.00,63.00,13.00
74.22,2796.00,37.00,24.00,98.00,69.00,69.00,14.00
74.22,2842.00,40.00,24.00,99.00,57.00,69.00,14.00
74.22,2886.00,40.00,24.00,99.00,52.00,71.00,76.00
74.51,2922.00,40.00,24.00,24.00,52.00,71.00,76.00
74.61,2982.00,42.00,24.00,99.00,53.00,71.00,76.00
74.61,2982.00,42.00,24.00,99.00,55.00,72.00,76.00
74.61,3077.00,44.00,24.00,99.00,55.00,72.00,15.00
74.90,57.00,45.00,24.00,99.00,57.00,72.00,15.00
75.00,3163.00,45.00,24.00,98.00,61.00,73.00,15.00
75.00,3163.00,46.00,24.00,99.00,61.00,73.00,16.00
75.19,3163.00,47.00,24.00,99.00,61.00,73.00,16.00
75.29,3288.00,47.00,24.00,99.00,61.00,73.00,-125.00
75.39,3348.00,48.00,23.00,99.00,63.00,73.00,17.00
75.39,3348.00,48.00,23.00,99.00,65.00,73.00,17.00
75.39,3436.00,48.00,23.00,98.00,65.00,73.00,17.00
75.68,3485.00,51.00,23.00,98.00,70.00,74.00,17.00
75.78,3549.00,51.00,23.00,99.00,70.00,74.00,17.00
75.78,3549.00,1.01,23.00,98.00,1.06,74.00,17.00
75.97,3549.00,53.00,23.00,98.00,70.00,74.00,17.00
76.07,3549.00,53.00,23.00,98.00,71.00,74.00,18.00
76.17,3721.00,53.00,23.00,98.00,72.00,74.00,19.00
76.17,3766.00,53.00,23.00,98.00,72.00,75.00,19.00
76.36,3766.00,53.00,23.00,98.00,72.00,75.00,19.00
76.46,3857.00,57.00,23.00,98.00,77.00,75.00,19.00
76.46,3900.00,58.00,23.00,98.00,74.00,75.00,20.00
76.46,3900.00,58.00,23.00,98.00,74.00,75.00,20.00
76.75,3982.00,59.00,23.00,98.00,74.00,74.00,20.00
76.75,4016.00,60.00,23.00,98.00,81.00,74.00,20.00
76.75,4016.00,60.00,23.00,98.00,79.00,70.00,20.00
77.04,4016.00,60.00,23.00,98.00,79.00,70.00,20.00
77.14,4161.00,63.00,23.00,98.00,82.00,70.00,20.00
77.24,4161.00,63.00,23.00,98.00,84.00,64.00,20.00
77.24,4161.00,63.00,23.00,97.00,82.00,66.00,20.00
77.24,4161.00,63.00,23.00,97.00,82.00,66.00,20.00
77.53,4161.00,65.00,23.00,97.00,82.00,66.00,20.00
77.63,4367.00,65.00,22.00,97.00,85.00,69.00,20.00
77.72,4367.00,65.00,22.00,97.00,85.00,69.00,20.00
77.82,4367.00,67.00,22.00,97.00,89.00,69.00,20.00
77.92,4485.00,67.00,22.00,97.00,90.00,69.00,20.00
77.92,4523.00,68.00,22.00,87.00,56.00,29.00,25.00
78.11,4438.00,68.00,22.00,87.00,23.00,21.00,30.00
78.21,4300.00,68.00,22.00,87.00,23.00,35.00,30.00
78.31,4492.00,69.00,22.00,69.00,44.00,35.00,30.00
78.31,4492.00,69.00,22.00,69.00,16.00,18.00,30.00
78.31,4242.00,69.00,22.00,25.00,16.00,18.00,30.00
78.31,4234.00,69.00,22.00,22.00,16.00,18.00,41.00
78.70,4234.00,69.00,22.00,21.00,16.00,18.00,41.00
78.79,4264.00,69.00,22.00,21.00,13.00,18.00,41.00
78.79,4264.00,69.00,22.00,21.00,13.00,18.00,41.00
78.79,4264.00,68.00,22.00,21.00,12.00,18.00,41.00
78.79,4109.00,68.00,22.00,21.00,12.00,17.00,41.00
78.79,4088.00,68.00,22.00,21.00,12.00,17.00,41.00
78.79,4064.00,67.00,22.00,21.00,12.00,17.00,42.00
79.38,4035.00,67.00,22.00,21.00,12.00,17.00,42.00
79.38,4035.00,67.00,22.00,21.00,12.00,17.00,42.00
79.57,4035.00,66.00,22.00,21.00,12.00,17.00,42.00
79.67,4035.00,66.00,22.00,21.00,11.00,17.00,42.00
79.67,3927.00,65.00,22.00,21.00,11.00,17.00,42.00
79.67,3904.00,65.00,22.00,21.00,11.00,17.00,42.00
79.96,3878.00,65.00,22.00,21.00,11.00,17.00,42.00
80.06,3853.00,65.00,22.00,21.00,11.00,17.00,42.00
80.06,3833.00,63.00,22.00,21.00,11.00,17.00,42.00
80.06,3833.00,63.00,22.00,21.00,11.00,17.00,42.00
80.35,3778.00,63.00,22.00,21.00,11.00,17.00,42.00
80.35,3748.00,62.00,22.00,21.00,10.00,16.00,43.00
80.35,3748.00,62.00,22.00,21.00,10.00,16.00,43.00
80.64,3748.00,61.00,22.00,21.00,10.00,16.00,43.00
80.74,3748.00,61.00,22.00,21.00,10.00,16.00,43.00
80.84,3748.00,60.00,22.00,21.00,10.00,16.00,43.00
80.93,3545.00,60.00,22.00,21.00,10.00,16.00,43.00
80.93,3497.00,59.00,22.00,21.00,10.00,16.00,44.00
80.93,3454.00,58.00,22.00,21.00,9.00,16.00,44.00
80.93,3404.00,56.00,22.00,21.00,9.00,16.00,44.00
81.32,3358.00,56.00,22.00,21.00,9.00,16.00,44.00
81.32,3358.00,55.00,22.00,21.00,9.00,16.00,44.00
81.52,3358.00,54.00,22.00,21.00,8.00,16.00,1.15
81.52,3358.00,54.00,22.00,21.00,8.00,16.00,44.00
81.52,3169.00,54.00,0.55,22.00,8.00,16.00,44.00
81.81,3123.00,54.00,22.00,22.00,8.00,15.00,44.00
81.81,3074.00,54.00,22.00,22.00,8.00,15.00,44.00
81.81,3074.00,51.00,22.00,22.00,8.00,15.00,45.00
82.10,2975.00,50.00,22.00,22.00,8.00,-64.00,45.00
82.20,2918.00,50.00,22.00,22.00,7.00,15.00,45.00
82.20,2918.00,50.00,22.00,23.00,7.00,14.00,44.00
82.20,2918.00,50.00,22.00,23.00,7.00,14.00,43.00
82.49,2724.00,46.00,22.00,23.00,7.00,14.00,43.00
82.59,2652.00,46.00,22.00,23.00,1.00,14.00,43.00
82.59,2652.00,46.00,22.00,23.00,6.00,14.00,304.00
82.78,2522.00,46.00,22.00,23.00,6.00,14.00,304.00
82.88,2454.00,41.00,22.00,23.00,6.00,14.00,304.00
82.98,2387.00,41.00,22.00,23.00,6.00,14.00,41.00
83.07,2319.00,41.00,22.00,23.00,63.00,14.00,41.00
83.17,2319.00,41.00,22.00,23.00,6.00,14.00,41.00
83.27,-19.00,38.00,22.00,22.00,5.00,13.00,41.00
83.37,2120.00,37.00,22.00,23.00,5.00,13.00,37.00
83.37,2053.00,37.00,22.00,23.00,5.00,13.00,35.00
83.56,2053.00,37.00,22.00,23.00,5.00,13.00,32.00
83.66,1917.00,34.00,22.00,23.00,5.00,13.00,29.00
83.66,-5117.00,33.00,22.00,23.00,5.00,13.00,26.00
83.66,-5117.00,33.00,22.00,23.00,5.00,13.00,24.00
83.95,1716.00,33.00,22.00,24.00,5.00,13.00,24.00
84.05,1659.00,30.00,23.00,24.00,4.00,12.00,20.00
84.05,1659.00,30.00,23.00,24.00,4.00,12.00,18.00
84.24,1659.00,30.00,23.00,24.00,4.00,12.00,18.00
84.24,1469.00,27.00,23.00,24.00,4.00,12.00,18.00
84.44,27.00,27.00,23.00,24.00,4.00,12.00,13.00
84.44,27.00,27.00,23.00,24.00,3.00,12.00,13.00
84.44,1268.00,27.00,23.00,25.00,3.00,12.00,-8.00
84.44,1193.00,24.00,23.00,25.00,3.00,12.00,-9.00
84.44,1193.00,22.00,23.00,25.00,3.00,11.00,-10.00
84.92,1077.00,22.00,23.00,25.00,3.00,11.00,-10.00
84.92,1033.00,21.00,23.00,25.00,3.00,11.00,-10.00
84.92,1033.00,19.00,23.00,25.00,2.00,11.00,1.00
84.92,1033.00,19.00,23.00,25.00,3.00,12.00,1.00
84.92,864.00,17.00,23.00,25.00,3.00,11.00,6.00
85.41,841.00,16.00,23.00,27.00,3.00,11.00,5.00
85.41,841.00,16.00,23.00,28.00,3.00,11.00,5.00
85.41,773.00,14.00,23.00,28.00,3.00,11.00,8.00
85.70,736.00,13.00,23.00,28.00,3.00,-64.00,10.00
85.80,732.00,13.00,23.00,31.00,3.00,11.00,10.00
85.80,732.00,13.00,23.00,34.00,4.00,12.00,12.00
85.99,732.00,10.00,23.00,36.00,4.00,12.00,13.00
86.09,690.00,10.00,23.00,38.00,4.00,12.00,-125.00
86.19,677.00,9.00,23.00,41.00,4.00,13.00,16.00
86.19,677.00,9.00,23.00,43.00,4.00,12.00,15.00
86.19,701.00,9.00,23.00,43.00,4.00,12.00,15.00
86.48,728.00,6.00,23.00,43.00,3.00,12.00,15.00
86.48,770.00,6.00,23.00,43.00,3.00,12.00,2.00
86.67,797.00,6.00,23.00,43.00,3.00,11.00,2.00
86.77,790.00,6.00,23.00,41.00,3.00,12.00,2.00
86.87,790.00,5.00,23.00,40.00,3.00,12.00,2.00
86.87,790.00,5.00,23.00,40.00,3.00,12.00,8.00
87.06,747.00,5.00,23.00,23.00,3.00,12.00,8.00
87.16,743.00,5.00,23.00,41.00,3.00,12.00,8.00
87.16,733.00,3.00,23.00,41.00,3.00,12.00,8.00
87.16,733.00,3.00,23.00,41.00,3.00,12.00,10.00
87.45,724.00,2.00,23.00,42.00,3.00,12.00,10.00
87.55,719.00,2.00,23.00,42.00,3.00,12.00,9.00
87.55,719.00,1.00,23.00,41.00,3.00,12.00,9.00
87.55,736.00,1.00,23.00,41.00,3.00,12.00,9.00
87.84,741.00,1.00,23.00,41.00,3.00,12.00,6.00
87.84,743.00,1.00,23.00,41.00,3.00,12.00,6.00
88.03,736.00,1.00,23.00,41.00,3.00,12.00,6.00
88.03,733.00,1.00,23.00,41.00,3.00,12.00,12.00
88.03,729.00,1.00,23.00,41.00,3.00,12.00,7.00
88.32,732.00,1.00,23.00,41.00,3.00,12.00,7.00
88.42,732.00,1.00,23.00,41.00,3.00,12.00,7.00
88.52,720.00,1.00,23.00,41.00,3.00,12.00,6.00
88.52,724.00,1.00,23.00,40.00,3.00,12.00,7.00
88.52,724.00,1.00,23.00,40.00,3.00,12.00,7.00
88.81,716.00,1.00,23.00,41.00,3.00,12.00,7.00
88.91,718.00,1.00,23.00,40.00,3.00,12.00,6.00
89.00,718.00,1.00,23.00,40.00,3.00,12.00,6.00
89.10,715.00,1.00,23.00,40.00,3.00,12.00,6.00
89.20,709.00,1.00,23.00,40.00,3.00,12.00,6.00
89.20,709.00,1.00,23.00,40.00,3.00,12.00,7.00
89.20,709.00,1.00,23.00,40.00,3.00,12.00,7.00
89.49,709.00,1.00,23.00,41.00,3.00,12.00,7.00
89.59,709.00,1.00,23.00,40.00,3.00,12.00,7.00
89.68,700.00,1.00,23.00,40.00,3.00,11.00,5.00
89.78,700.00,1.00,23.00,40.00,3.00,11.00,5.00
89.78,697.00,1.00,23.00,41.00,3.00,12.00,5.00
89.78,696.00,1.00,23.00,40.00,3.00,12.00,7.00
90.07,696.00,1.00,23.00,40.00,3.00,12.00,7.00
90.17,696.00,1.00,23.00,40.00,3.00,12.00,7.00
90.27,687.00,1.00,23.00,42.00,3.00,12.00,8.00
90.27,687.00,1.00,23.00,42.00,12.00,18.00,9.00
90.46,687.00,1.00,23.00,42.00,13.00,18.00,9.00
90.56,901.00,1.00,23.00,73.00,13.00,18.00,9.00
90.56,901.00,1.00,23.00,73.00,14.00,20.00,13.00
90.75,901.00,1.00,23.00,72.00,14.00,20.00,16.00
90.85,901.00,2.00,23.00,69.00,15.00,20.00,18.00
90.85,1595.00,2.00,23.00,67.00,15.00,20.00,21.00
91.04,1595.00,2.00,23.00,66.00,17.00,20.00,21.00
91.14,1595.00,5.00,23.00,66.00,18.00,21.00,21.00
91.24,1661.00,6.00,23.00,69.00,19.00,22.00,18.00
91.34,1675.00,6.00,23.00,69.00,20.00,22.00,17.00
91.43,1675.00,6.00,23.00,69.00,21.00,23.00,17.00
91.53,1781.00,6.00,23.00,74.00,21.00,23.00,17.00
91.53,1839.00,9.00,23.00,73.00,21.00,23.00,17.00
91.53,1839.00,11.00,23.00,73.00,21.00,23.00,19.00
91.53,1839.00,11.00,23.00,72.00,21.00,23.00,19.00
91.53,1839.00,12.00,-25.00,72.00,22.00,23.00,19.00
92.02,1997.00,14.00,23.00,71.00,63.00,23.00,20.00
92.02,1997.00,102.00,23.00,71.00,63.00,23.00,21.00
92.21,1997.00,15.00,23.00,71.00,63.00,23.00,21.00
92.31,1997.00,16.00,23.00,71.00,22.00,23.00,21.00
92.31,2174.00,16.00,23.00,66.00,22.00,23.00,27.00
92.50,2174.00,16.00,23.00,66.00,23.00,23.00,27.00
92.60,2298.00,18.00,23.00,65.00,23.00,23.00,27.00
92.70,2359.00,18.00,23.00,65.00,23.00,23.00,30.00
92.70,2419.00,19.00,23.00,63.00,22.00,22.00,32.00
92.89,2419.00,19.00,23.00,63.00,22.00,22.00,32.00
92.99,2509.00,19.00,23.00,63.00,22.00,-64.00,32.00
93.09,2544.00,20.00,23.00,59.00,23.00,-64.00,35.00
93.19,2544.00,20.00,23.00,59.00,24.00,23.00,36.00
93.19,2544.00,2616.00,23.00,59.00,24.00,24.00,36.00
93.38,2544.00,22.00,23.00,63.00,24.00,24.00,36.00
93.38,2784.00,22.00,23.00,63.00,27.00,24.00,36.00
93.38,2829.00,22.00,24.00,62.00,27.00,24.00,37.00
93.67,2829.00,23.00,23.00,62.00,27.00,24.00,36.00
93.77,2829.00,23.00,24.00,65.00,30.00,24.00,37.00
93.87,2829.00,24.00,24.00,69.00,33.00,27.00,36.00
93.87,2829.00,25.00,24.00,69.00,34.00,27.00,36.00
94.06,3160.00,25.00,24.00,24.00,35.00,27.00,36.00
94.06,3225.00,25.00,24.00,71.00,37.00,28.00,35.00
94.26,3295.00,25.00,24.00,75.00,43.00,30.00,33.00
94.35,3295.00,25.00,24.00,75.00,49.00,32.00,33.00
94.45,3552.00,28.00,24.00,75.00,51.00,32.00,33.00
94.55,3552.00,29.00,24.00,58.00,52.00,32.00,33.00
94.65,3711.00,29.00,24.00,80.00,54.00,33.00,28.00
94.74,3823.00,29.00,24.00,82.00,57.00,835.00,27.00
94.84,3942.00,32.00,24.00,83.00,57.00,835.00,27.00
94.94,-5053.00,32.00,24.00,87.00,72.00,40.00,25.00
94.94,-5053.00,33.00,24.00,103.00,80.00,40.00,144.00
95.13,-5053.00,33.00,229.00,93.00,80.00,51.00,22.00
95.23,4518.00,33.00,229.00,95.00,91.00,51.00,22.00
95.33,4518.00,50.00,24.00,96.00,-24.00,66.00,22.00
95.43,4518.00,37.00,24.00,96.00,-24.00,70.00,21.00
95.52,4518.00,37.00,24.00,96.00,99.00,74.00,20.00
95.62,5092.00,41.00,24.00,96.00,100.00,74.00,-250.00
95.62,5092.00,41.00,24.00,96.00,100.00,9.00,-250.00
95.82,5092.00,43.00,24.00,96.00,100.00,9.00,25.00
95.91,5539.00,43.00,24.00,96.00,107.00,80.00,26.00
96.01,5666.00,45.00,24.00,96.00,108.00,80.00,26.00
96.11,5666.00,45.00,24.00,96.00,99.00,80.00,26.00
96.11,5889.00,49.00,24.00,82.00,99.00,80.00,26.00
96.11,5931.00,49.00,24.00,82.00,99.00,20.00,31.00
96.40,5742.00,50.00,24.00,24.00,99.00,-64.00,35.00
96.50,5612.00,50.00,24.00,24.00,15.00,19.00,35.00
96.50,5612.00,50.00,24.00,24.00,15.00,19.00,36.00
96.69,5191.00,51.00,24.00,24.00,15.00,19.00,39.00
96.79,4788.00,51.00,24.00,20.00,15.00,19.00,-125.00
96.79,4340.00,51.00,0.16,21.00,15.00,0.16,42.00
96.79,4340.00,51.00,24.00,22.00,15.00,0.16,43.00
97.08,3578.00,52.00,24.00,23.00,15.00,0.16,43.00
97.18,0.30,52.00,24.00,23.00,9.00,16.00,43.00
97.27,0.26,52.00,24.00,24.00,9.00,16.00,0.16
97.27,2999.00,52.00,24.00,23.00,7.00,16.00,0.16
97.47,2926.00,52.00,25.00,23.00,7.00,15.00,0.16
97.57,2893.00,51.00,25.00,23.00,7.00,14.00,44.00
97.67,2889.00,51.00,25.00,23.00,7.00,14.00,44.00
97.67,2889.00,51.00,25.00,23.00,7.00,14.00,44.00
97.86,2889.00,50.00,25.00,23.00,7.00,15.00,44.00
97.96,2931.00,50.00,25.00,23.00,7.00,15.00,44.00
97.96,2891.00,50.00,25.00,23.00,7.00,15.00,44.00
98.15,2841.00,50.00,49.00,23.00,7.00,15.00,44.00
98.25,2798.00,47.00,25.00,23.00,7.00,14.00,43.00
98.25,2750.00,46.00,25.00,23.00,7.00,14.00,43.00
98.25,2750.00,45.00,25.00,38.00,7.00,14.00,43.00
98.54,2646.00,45.00,25.00,25.00,7.00,14.00,-66.00
98.64,2580.00,44.00,-168.00,23.00,6.00,14.00,-66.00
98.74,2580.00,42.00,25.00,23.00,6.00,14.00,42.00
98.83,2580.00,42.00,25.00,23.00,165.00,14.00,41.00
98.93,92.00,42.00,25.00,23.00,165.00,14.00,41.00
99.03,2318.00,41.00,25.00,23.00,6.00,14.00,61.00
99.13,2254.00,41.00,25.00,22.00,6.00,14.00,40.00
99.13,2254.00,41.00,25.00,22.00,5.00,14.00,40.00
99.32,2115.00,37.00,25.00,22.00,5.00,14.00,40.00
99.42,2039.00,36.00,25.00,22.00,5.00,13.00,35.00
99.51,20.00,34.00,25.00,23.00,5.00,13.00,32.00
99.51,1888.00,34.00,25.00,23.00,5.00,13.00,32.00
99.71,1813.00,32.00,25.00,23.00,5.00,13.00,32.00
99.81,1749.00,31.00,25.00,23.00,4.00,13.00,24.00
99.81,1749.00,31.00,25.00,23.00,4.00,12.00,22.00
99.81,1612.00,1674.00,25.00,23.00,4.00,12.00,20.00
100.10,229.00,28.00,25.00,24.00,4.00,12.00,20.00
100.10,1477.00,28.00,25.00,24.00,4.00,12.00,16.00
100.29,1477.00,27.00,52.00,24.00,4.00,12.00,14.00
100.39,1477.00,26.00,52.00,24.00,4.00,12.00,13.00
100.49,1279.00,26.00,25.00,25.00,4.00,12.00,12.00
100.59,1279.00,25.00,25.00,25.00,3.00,11.00,-8.00
100.59,1279.00,25.00,25.00,25.00,3.00,11.00,-8.00
100.78,1111.00,25.00,25.00,25.00,3.00,11.00,-8.00
100.78,1117.00,23.00,25.00,25.00,3.00,11.00,-10.00
100.97,1062.00,23.00,25.00,25.00,4.00,13.00,9.00
101.07,1062.00,23.00,25.00,28.00,5.00,14.00,9.00
101.17,1129.00,22.00,25.00,28.00,6.00,14.00,9.00
101.27,1129.00,22.00,25.00,28.00,8.00,16.00,16.00
101.36,1361.00,22.00,25.00,40.00,9.00,16.00,21.00
101.36,1496.00,22.00,25.00,40.00,9.00,18.00,25.00
101.56,1595.00,22.00,25.00,40.00,9.00,18.00,25.00
101.66,1587.00,22.00,25.00,52.00,9.00,18.00,32.00
101.66,1588.00,22.00,25.00,52.00,14.00,19.00,32.00
101.66,1588.00,22.00,25.00,52.00,14.00,19.00,33.00
101.95,1658.00,22.00,25.00,60.00,14.00,19.00,34.00
101.95,1687.00,23.00,25.00,61.00,15.00,20.00,34.00
101.95,1687.00,23.00,25.00,62.00,15.00,20.00,34.00
102.24,1687.00,23.00,23.00,62.00,15.00,20.00,34.00
102.34,1757.00,24.00,25.00,62.00,15.00,20.00,34.00
102.43,1757.00,24.00,25.00,62.00,15.00,20.00,49.00
102.43,1757.00,24.00,25.00,62.00,15.00,20.00,35.00
102.63,1792.00,24.00,25.00,61.00,15.00,20.00,35.00
102.73,1811.00,25.00,25.00,61.00,16.00,20.00,35.00
102.82,1835.00,26.00,25.00,63.00,16.00,20.00,34.00
102.82,1835.00,26.00,25.00,229.00,17.00,20.00,34.00
103.02,1890.00,26.00,25.00,64.00,17.00,20.00,254.00
103.02,1890.00,27.00,25.00,65.00,18.00,21.00,34.00
103.22,1933.00,27.00,25.00,65.00,17.00,20.00,34.00
103.22,1933.00,27.00,25.00,65.00,224.00,20.00,35.00
103.41,1915.00,27.00,25.00,65.00,224.00,20.00,34.00
103.51,1931.00,27.00,25.00,66.00,19.00,21.00,34.00
103.51,1976.00,27.00,25.00,66.00,19.00,64.00,34.00
103.51,1976.00,27.00,25.00,66.00,19.00,64.00,34.00
103.80,2013.00,104.00,25.00,63.00,19.00,64.00,34.00
103.90,2005.00,28.00,25.00,51.00,7.00,14.00,34.00
103.90,2005.00,29.00,25.00,40.00,5.00,14.00,39.00
103.90,2005.00,29.00,25.00,40.00,4.00,13.00,39.00
104.19,1840.00,29.00,25.00,30.00,4.00,13.00,39.00
104.29,1838.00,29.00,25.00,27.00,4.00,13.00,38.00
104.38,1829.00,29.00,25.00,27.00,106.00,13.00,38.00
104.48,1829.00,29.00,25.00,25.00,4.00,13.00,37.00
104.58,1829.00,29.00,25.00,25.00,4.00,13.00,37.00
104.58,1761.00,28.00,244.00,24.00,4.00,12.00,36.00
104.77,1736.00,28.00,25.00,24.00,4.00,12.00,36.00
104.77,1697.00,28.00,25.00,24.00,4.00,12.00,36.00
104.97,1657.00,27.00,25.00,24.00,4.00,12.00,36.00
105.07,1657.00,26.00,25.00,24.00,4.00,12.00,33.00
105.16,1587.00,26.00,25.00,24.00,4.00,12.00,33.00
105.16,1551.00,25.00,25.00,24.00,4.00,12.00,32.00
105.36,1517.00,24.00,25.00,23.00,4.00,12.00,32.00
105.46,1492.00,24.00,25.00,23.00,4.00,12.00,32.00
105.46,1492.00,24.00,25.00,24.00,4.00,12.00,32.00
105.65,1492.00,23.00,25.00,24.00,4.00,12.00,31.00
105.65,1389.00,23.00,25.00,24.00,3.00,12.00,31.00
105.65,1352.00,22.00,25.00,23.00,3.00,12.00,31.00
105.65,1352.00,22.00,25.00,23.00,3.00,12.00,29.00
106.04,1292.00,22.00,25.00,24.00,3.00,12.00,29.00
106.14,1292.00,21.00,25.00,24.00,3.00,12.00,29.00
106.14,1292.00,20.00,25.00,24.00,3.00,12.00,27.00
106.14,1292.00,20.00,25.00,24.00,3.00,12.00,27.00
106.14,1197.00,20.00,25.00,24.00,3.00,11.00,27.00
106.14,1192.00,20.00,25.00,24.00,3.00,11.00,26.00
106.62,1187.00,20.00,25.00,24.00,3.00,11.00,26.00
106.62,1181.00,20.00,25.00,24.00,3.00,11.00,26.00
106.82,1181.00,20.00,25.00,24.00,3.00,11.00,23.00
106.92,1181.00,20.00,25.00,24.00,3.00,11.00,23.00
106.92,1169.00,20.00,25.00,24.00,3.00,11.00,21.00
107.11,1169.00,19.00,25.00,24.00,3.00,11.00,20.00
107.21,1131.00,19.00,25.00,24.00,3.00,11.00,19.00
107.30,1114.00,19.00,25.00,24.00,3.00,11.00,18.00
107.30,1114.00,18.00,25.00,24.00,2.00,11.00,18.00
107.50,1062.00,18.00,25.00,24.00,2.00,11.00,18.00
107.50,1022.00,18.00,25.00,25.00,2.00,11.00,14.00
107.69,980.00,18.00,25.00,25.00,2.00,11.00,13.00
107.69,980.00,18.00,25.00,25.00,2.00,11.00,13.00
107.89,912.00,17.00,25.00,25.00,2.00,11.00,13.00
107.99,912.00,17.00,25.00,25.00,2.00,11.00,10.00
108.08,850.00,16.00,25.00,25.00,2.00,11.00,10.00
108.08,826.00,16.00,25.00,26.00,2.00,11.00,10.00
108.28,770.00,16.00,25.00,26.00,2.00,12.00,-125.00
108.38,744.00,16.00,25.00,29.00,2.00,11.00,13.00
108.38,744.00,15.00,25.00,31.00,3.00,11.00,14.00
108.57,744.00,15.00,25.00,31.00,3.00,11.00,13.00
108.67,731.00,14.00,25.00,31.00,3.00,11.00,12.00
108.67,741.00,14.00,25.00,32.00,2.00,11.00,12.00
108.67,741.00,13.00,25.00,31.00,2.00,11.00,9.00
108.96,741.00,13.00,13.00,31.00,2.00,11.00,9.00
109.06,764.00,12.00,25.00,31.00,2.00,11.00,9.00
109.15,764.00,11.00,25.00,31.00,2.00,11.00,10.00
109.15,764.00,11.00,25.00,32.00,3.00,12.00,12.00
109.15,720.00,11.00,25.00,32.00,3.00,12.00,12.00
109.45,720.00,10.00,25.00,37.00,3.00,12.00,15.00
109.54,720.00,9.00,25.00,39.00,4.00,12.00,16.00
109.64,720.00,9.00,25.00,39.00,4.00,12.00,16.00
109.64,677.00,8.00,25.00,41.00,3.00,12.00,16.00
109.83,696.00,7.00,25.00,41.00,3.00,12.00,16.00
109.83,696.00,7.00,25.00,42.00,3.00,12.00,9.00
109.83,754.00,7.00,25.00,42.00,3.00,12.00,9.00
110.13,772.00,6.00,25.00,40.00,3.00,12.00,9.00
110.22,754.00,6.00,25.00,40.00,3.00,12.00,9.00
110.22,754.00,4.00,4.00,40.00,3.00,12.00,9.00
110.42,739.00,4.00,25.00,41.00,4.00,12.00,9.00
110.52,737.00,3.00,25.00,41.00,3.00,12.00,9.00
110.52,737.00,3.00,25.00,42.00,3.00,12.00,9.00
110.71,743.00,3.00,25.00,25.00,3.00,12.00,7.00
110.81,750.00,2.00,25.00,41.00,3.00,12.00,7.00
110.90,755.00,2.00,25.00,41.00,3.00,12.00,6.00
110.90,755.00,2.00,25.00,40.00,3.00,12.00,4.00
110.90,755.00,2.00,25.00,40.00,3.00,12.00,4.00
111.20,754.00,2.00,25.00,39.00,3.00,12.00,4.00
111.20,754.00,2.00,25.00,39.00,2.00,11.00,7.00
111.39,737.00,2.00,25.00,37.00,2.00,11.00,9.00
111.49,737.00,2.00,25.00,37.00,2.00,11.00,10.00
111.49,727.00,2.00,25.00,37.00,2.00,11.00,11.00
111.68,727.00,2.00,25.00,36.00,3.00,11.00,5.00
111.78,727.00,2.00,25.00,36.00,3.00,11.00,11.00
111.78,808.00,2.00,25.00,35.00,3.00,11.00,1.00
111.78,807.00,2.00,25.00,35.00,3.00,11.00,1.00
112.07,807.00,2.00,25.00,35.00,3.00,11.00,1.00
112.17,807.00,2.00,25.00,34.00,3.00,11.00,1.00
112.26,797.00,2.00,25.00,34.00,3.00,11.00,1.00
112.26,797.00,2.00,25.00,34.00,3.00,11.00,1.00
112.26,797.00,2.00,25.00,33.00,2.00,11.00,1.00
112.56,778.00,2.00,25.00,33.00,2.00,11.00,3.00
112.56,770.00,2.00,25.00,33.00,2.00,11.00,3.00
112.75,775.00,2.00,25.00,33.00,2.00,11.00,5.00
112.85,775.00,2.00,25.00,33.00,2.00,11.00,3.00
112.94,766.00,2.00,25.00,33.00,2.00,11.00,4.00
113.04,766.00,2.00,25.00,33.00,2.00,11.00,4.00
113.14,766.00,2.00,25.00,33.00,2.00,11.00,4.00
113.23,756.00,2.00,25.00,33.00,2.00,11.00,4.00
113.23,751.00,2.00,25.00,33.00,2.00,11.00,4.00
113.43,751.00,2.00,25.00,25.00,2.00,11.00,4.00
113.53,751.00,2.00,25.00,33.00,2.00,11.00,3.00
113.62,754.00,2.00,25.00,34.00,2.00,11.00,3.00
113.72,754.00,2.00,25.00,33.00,2.00,11.00,3.00
113.82,741.00,2.00,25.00,33.00,2.00,11.00,3.00
113.92,741.00,2.00,25.00,34.00,2.00,11.00,4.00
114.01,736.00,2.00,25.00,33.00,2.00,11.00,3.00
114.01,736.00,736.00,25.00,33.00,2.00,11.00,2.00
114.21,736.00,736.00,25.00,33.00,2.00,11.00,2.00
114.31,729.00,736.00,25.00,33.00,2.00,11.00,2.00
114.31,736.00,736.00,25.00,33.00,2.00,11.00,2.00
114.50,732.00,736.00,25.00,33.00,2.00,11.00,4.00
114.60,721.00,736.00,25.00,33.00,2.00,11.00,4.00
114.69,728.00,736.00,25.00,34.00,2.00,11.00,4.00
114.69,728.00,736.00,25.00,34.00,2.00,11.00,4.00
114.69,720.00,736.00,25.00,34.00,2.00,11.00,4.00
114.99,720.00,736.00,25.00,34.00,2.00,11.00,3.00
115.08,729.00,736.00,25.00,34.00,2.00,11.00,3.00
115.08,729.00,736.00,25.00,34.00,2.00,11.00,3.00
115.08,729.00,736.00,25.00,34.00,2.00,11.00,3.00
115.37,729.00,736.00,25.00,33.00,2.00,11.00,3.00
115.37,729.00,736.00,25.00,34.00,2.00,11.00,3.00
115.57,728.00,736.00,25.00,34.00,2.00,11.00,3.00
115.66,728.00,736.00,25.00,33.00,2.00,11.00,3.00
115.76,726.00,736.00,25.00,34.00,2.00,11.00,4.00
115.76,726.00,736.00,25.00,34.00,2.00,11.00,6.00
115.96,713.00,736.00,25.00,33.00,2.00,11.00,6.00
116.05,723.00,736.00,26.00,34.00,2.00,11.00,4.00
116.05,726.00,736.00,25.00,34.00,2.00,11.00,4.00
116.25,726.00,736.00,25.00,25.00,2.00,11.00,5.00
116.35,728.00,736.00,25.00,34.00,2.00,11.00,5.00
116.35,720.00,736.00,25.00,34.00,2.00,11.00,4.00
116.35,720.00,736.00,25.00,33.00,2.00,11.00,6.00
116.64,720.00,736.00,25.00,34.00,2.00,11.00,6.00
116.74,720.00,736.00,25.00,34.00,2.00,11.00,4.00
116.83,724.00,736.00,25.00,34.00,2.00,11.00,4.00
116.83,724.00,736.00,25.00,34.00,2.00,11.00,4.00
117.03,729.00,736.00,25.00,33.00,2.00,11.00,4.00
117.12,731.00,736.00,25.00,34.00,2.00,11.00,3.00
117.12,731.00,736.00,25.00,34.00,2.00,11.00,4.00
117.32,728.00,736.00,25.00,33.00,2.00,11.00,3.00
117.42,728.00,736.00,26.00,34.00,2.00,11.00,3.00
117.42,728.00,736.00,26.00,34.00,2.00,11.00,3.00
117.42,723.00,736.00,26.00,34.00,2.00,11.00,3.00
117.42,729.00,736.00,26.00,34.00,2.00,11.00,3.00
117.81,730.00,736.00,25.00,33.00,2.00,11.00,4.00
117.81,730.00,736.00,26.00,33.00,2.00,11.00,4.00
118.00,730.00,736.00,26.00,33.00,2.00,11.00,4.00
118.10,726.00,736.00,26.00,33.00,2.00,11.00,4.00
118.19,726.00,736.00,26.00,33.00,2.00,11.00,4.00
118.19,726.00,736.00,26.00,34.00,2.00,11.00,3.00
118.19,723.00,736.00,26.00,33.00,2.00,11.00,3.00
118.49,723.00,736.00,26.00,33.00,2.00,11.00,3.00
118.58,726.00,736.00,26.00,34.00,2.00,11.00,4.00
118.58,726.00,736.00,26.00,34.00,2.00,11.00,4.00
118.58,726.00,736.00,26.00,34.00,2.00,11.00,4.00
118.87,729.00,736.00,26.00,34.00,2.00,11.00,4.00
118.87,729.00,736.00,26.00,33.00,2.00,11.00,4.00
118.87,721.00,736.00,26.00,34.00,2.00,11.00,4.00
119.16,721.00,736.00,26.00,34.00,2.00,11.00,5.00
119.26,711.00,736.00,26.00,34.00,2.00,11.00,5.00
119.26,724.00,736.00,26.00,34.00,2.00,11.00,4.00
119.46,722.00,736.00,26.00,34.00,2.00,11.00,4.00
119.55,720.00,736.00,26.00,33.00,2.00,11.00,4.00
119.55,724.00,736.00,26.00,34.00,2.00,11.00,4.00
119.75,724.00,736.00,26.00,34.00,2.00,11.00,5.00
119.85,723.00,736.00,26.00,33.00,2.00,11.00,5.00
119.94,719.00,736.00,26.00,34.00,2.00,11.00,5.00
119.94,719.00,736.00,26.00,34.00,2.00,11.00,6.00
120.14,716.00,736.00,26.00,34.00,2.00,11.00,6.00
120.24,718.00,736.00,26.00,34.00,2.00,11.00,4.00
120.33,726.00,736.00,26.00,34.00,2.00,11.00,4.00
120.33,726.00,736.00,26.00,34.00,2.00,11.00,4.00
120.33,717.00,736.00,26.00,34.00,2.00,11.00,4.00
120.62,722.00,736.00,26.00,34.00,2.00,11.00,4.00
120.62,718.00,736.00,26.00,33.00,2.00,11.00,4.00
120.62,719.00,736.00,26.00,33.00,2.00,11.00,5.00
120.92,714.00,736.00,26.00,34.00,2.00,11.00,5.00
121.01,721.00,736.00,26.00,33.00,2.00,11.00,5.00